ALGORITHM, GESTURE, # OF SELECTED FEATURES, PARTICIPANT_NO, ACCURACY, AUC, #ofPositiveInstance, #ofNegativeInstance, TN, FP, FN, TP, FAR, FRR, EER
RF-501, Circle, 1, 1, 0.90, 0.83, 42, 570, 520, 50, 11, 31, 0.09, 0.26, 0.22
RF-501, Circle, 1, 2, 0.88, 0.77, 47, 565, 507, 58, 17, 30, 0.10, 0.36, 0.29
RF-501, Circle, 1, 3, 0.94, 0.82, 59, 553, 533, 20, 19, 40, 0.04, 0.32, 0.25
RF-501, Circle, 1, 4, 0.87, 0.70, 35, 577, 516, 61, 17, 18, 0.11, 0.49, 0.35
RF-501, Circle, 1, 5, 0.98, 0.93, 40, 572, 562, 10, 5, 35, 0.02, 0.12, 0.11
RF-501, Circle, 1, 6, 0.92, 0.82, 45, 567, 529, 38, 13, 32, 0.07, 0.29, 0.24
RF-501, Circle, 1, 7, 0.92, 0.83, 37, 575, 538, 37, 10, 27, 0.06, 0.27, 0.22
RF-501, Circle, 1, 8, 0.89, 0.74, 48, 564, 517, 47, 21, 27, 0.08, 0.44, 0.32
RF-501, Circle, 1, 9, 0.91, 0.77, 46, 566, 529, 37, 18, 28, 0.07, 0.39, 0.30
RF-501, Circle, 1, 10, 0.90, 0.85, 39, 573, 518, 55, 8, 31, 0.10, 0.21, 0.18
RF-501, Circle, 1, 11, 0.98, 0.98, 29, 583, 574, 9, 1, 28, 0.02, 0.03, 0.03
RF-501, Circle, 1, 12, 1.00, 1.00, 33, 579, 577, 2, 0, 33, 0.00, 0.00, 0.00
RF-501, Circle, 1, 13, 0.97, 0.81, 32, 580, 572, 8, 12, 20, 0.01, 0.38, 0.28
RF-501, Circle, 1, 14, 0.93, 0.88, 48, 564, 533, 31, 9, 39, 0.05, 0.19, 0.17
RF-501, Circle, 1, 15, 0.93, 0.86, 32, 580, 544, 36, 7, 25, 0.06, 0.22, 0.19
RF-501, Updown, 1, 1, 0.95, 0.89, 40, 512, 489, 23, 7, 33, 0.04, 0.17, 0.15
RF-501, Updown, 1, 2, 0.92, 0.82, 41, 511, 481, 30, 12, 29, 0.06, 0.29, 0.24
RF-501, Updown, 1, 3, 0.98, 0.97, 55, 497, 486, 11, 2, 53, 0.02, 0.04, 0.04
RF-501, Updown, 1, 4, 1.00, 1.00, 26, 526, 526, 0, 0, 26, 0.00, 0.00, 0.00
RF-501, Updown, 1, 5, 0.90, 0.79, 33, 519, 473, 46, 11, 22, 0.09, 0.33, 0.27
RF-501, Updown, 1, 6, 0.89, 0.85, 43, 509, 460, 49, 9, 34, 0.10, 0.21, 0.19
RF-501, Updown, 1, 7, 0.92, 0.79, 30, 522, 491, 31, 11, 19, 0.06, 0.37, 0.28
RF-501, Updown, 1, 8, 0.95, 0.94, 31, 521, 493, 28, 2, 29, 0.05, 0.06, 0.06
RF-501, Updown, 1, 9, 0.96, 0.95, 39, 513, 492, 21, 2, 37, 0.04, 0.05, 0.05
RF-501, Updown, 1, 10, 0.92, 0.74, 28, 524, 491, 33, 13, 15, 0.06, 0.46, 0.33
RF-501, Updown, 1, 11, 1.00, 1.00, 23, 529, 529, 0, 0, 23, 0.00, 0.00, 0.00
RF-501, Updown, 1, 12, 0.91, 0.75, 32, 520, 484, 36, 14, 18, 0.07, 0.44, 0.32
RF-501, Updown, 1, 13, 0.96, 0.91, 28, 524, 506, 18, 4, 24, 0.03, 0.14, 0.13
RF-501, Updown, 1, 14, 0.87, 0.77, 56, 496, 441, 55, 19, 37, 0.11, 0.34, 0.28
RF-501, Updown, 1, 15, 0.93, 0.81, 47, 505, 482, 23, 16, 31, 0.05, 0.34, 0.26
RF-501, Tilt, 1, 1, 0.99, 0.98, 50, 618, 611, 7, 1, 49, 0.01, 0.02, 0.02
RF-501, Tilt, 1, 2, 0.95, 0.87, 56, 612, 588, 24, 12, 44, 0.04, 0.21, 0.18
RF-501, Tilt, 1, 3, 0.92, 0.87, 55, 613, 573, 40, 11, 44, 0.07, 0.20, 0.18
RF-501, Tilt, 1, 4, 0.97, 0.93, 55, 613, 597, 16, 6, 49, 0.03, 0.11, 0.10
RF-501, Tilt, 1, 5, 0.90, 0.75, 37, 631, 583, 48, 16, 21, 0.08, 0.43, 0.32
RF-501, Tilt, 1, 6, 0.90, 0.78, 45, 623, 575, 48, 16, 29, 0.08, 0.36, 0.28
RF-501, Tilt, 1, 7, 0.89, 0.76, 36, 632, 571, 61, 14, 22, 0.10, 0.39, 0.30
RF-501, Tilt, 1, 8, 0.90, 0.80, 42, 626, 574, 52, 13, 29, 0.08, 0.31, 0.25
RF-501, Tilt, 1, 9, 0.90, 0.77, 46, 622, 569, 53, 17, 29, 0.09, 0.37, 0.29
RF-501, Tilt, 1, 10, 0.98, 0.97, 41, 627, 618, 9, 2, 39, 0.01, 0.05, 0.05
RF-501, Tilt, 1, 11, 0.93, 0.86, 28, 640, 601, 39, 6, 22, 0.06, 0.21, 0.19
RF-501, Tilt, 1, 12, 0.91, 0.79, 41, 627, 579, 48, 14, 27, 0.08, 0.34, 0.27
RF-501, Tilt, 1, 13, 1.00, 1.00, 34, 634, 634, 0, 0, 34, 0.00, 0.00, 0.00
RF-501, Tilt, 1, 14, 0.94, 0.86, 55, 613, 585, 28, 13, 42, 0.05, 0.24, 0.20
RF-501, Tilt, 1, 15, 0.96, 0.92, 47, 621, 597, 24, 6, 41, 0.04, 0.13, 0.12
RF-501, Triangle, 1, 1, 0.92, 0.81, 45, 711, 663, 48, 14, 31, 0.07, 0.31, 0.25
RF-501, Triangle, 1, 2, 0.96, 0.92, 57, 699, 680, 19, 8, 49, 0.03, 0.14, 0.13
RF-501, Triangle, 1, 3, 0.86, 0.72, 61, 695, 618, 77, 27, 34, 0.11, 0.44, 0.33
RF-501, Triangle, 1, 4, 0.89, 0.82, 66, 690, 624, 66, 17, 49, 0.10, 0.26, 0.22
RF-501, Triangle, 1, 5, 0.92, 0.83, 44, 712, 665, 47, 12, 32, 0.07, 0.27, 0.23
RF-501, Triangle, 1, 6, 0.90, 0.84, 43, 713, 648, 65, 10, 33, 0.09, 0.23, 0.20
RF-501, Triangle, 1, 7, 0.99, 0.97, 44, 712, 707, 5, 2, 42, 0.01, 0.05, 0.04
RF-501, Triangle, 1, 8, 0.98, 0.93, 49, 707, 696, 11, 6, 43, 0.02, 0.12, 0.11
RF-501, Triangle, 1, 9, 0.92, 0.82, 51, 705, 658, 47, 15, 36, 0.07, 0.29, 0.24
RF-501, Triangle, 1, 10, 0.95, 0.84, 42, 714, 685, 29, 12, 30, 0.04, 0.29, 0.23
RF-501, Triangle, 1, 11, 0.95, 0.85, 35, 721, 690, 31, 9, 26, 0.04, 0.26, 0.21
RF-501, Triangle, 1, 12, 0.98, 0.96, 41, 715, 703, 12, 3, 38, 0.02, 0.07, 0.07
RF-501, Triangle, 1, 13, 0.97, 0.89, 60, 696, 685, 11, 12, 48, 0.02, 0.20, 0.17
RF-501, Triangle, 1, 14, 0.92, 0.84, 48, 708, 663, 45, 12, 36, 0.06, 0.25, 0.21
RF-501, Triangle, 1, 15, 0.88, 0.78, 70, 686, 616, 70, 24, 46, 0.10, 0.34, 0.28
RF-501, Turn, 1, 1, 0.88, 0.82, 85, 590, 529, 61, 21, 64, 0.10, 0.25, 0.22
RF-501, Turn, 1, 2, 0.94, 0.87, 47, 628, 597, 31, 10, 37, 0.05, 0.21, 0.18
RF-501, Turn, 1, 3, 0.85, 0.78, 64, 611, 529, 82, 20, 44, 0.13, 0.31, 0.27
RF-501, Turn, 1, 4, 0.98, 0.94, 43, 632, 625, 7, 5, 38, 0.01, 0.12, 0.11
RF-501, Turn, 1, 5, 0.90, 0.68, 39, 636, 590, 46, 22, 17, 0.07, 0.56, 0.38
RF-501, Turn, 1, 6, 0.91, 0.91, 51, 624, 566, 58, 4, 47, 0.09, 0.08, 0.09
RF-501, Turn, 1, 7, 0.90, 0.76, 31, 644, 589, 55, 12, 19, 0.09, 0.39, 0.30
RF-501, Turn, 1, 8, 0.90, 0.83, 41, 634, 577, 57, 10, 31, 0.09, 0.24, 0.21
RF-501, Turn, 1, 9, 0.88, 0.76, 50, 625, 562, 63, 19, 31, 0.10, 0.38, 0.30
RF-501, Turn, 1, 10, 0.92, 0.76, 32, 643, 600, 43, 13, 19, 0.07, 0.41, 0.30
RF-501, Turn, 1, 11, 0.96, 0.84, 31, 644, 626, 18, 9, 22, 0.03, 0.29, 0.23
RF-501, Turn, 1, 12, 0.95, 0.90, 37, 638, 609, 29, 6, 31, 0.05, 0.16, 0.15
RF-501, Turn, 1, 13, 1.00, 1.00, 28, 647, 646, 1, 0, 28, 0.00, 0.00, 0.00
RF-501, Turn, 1, 14, 0.90, 0.83, 58, 617, 566, 51, 15, 43, 0.08, 0.26, 0.22
RF-501, Turn, 1, 15, 0.95, 0.81, 38, 637, 613, 24, 13, 25, 0.04, 0.34, 0.26
RF-501, Square, 1, 1, 0.86, 0.66, 63, 753, 679, 74, 37, 26, 0.10, 0.59, 0.39
RF-501, Square, 1, 2, 0.90, 0.64, 58, 758, 711, 47, 38, 20, 0.06, 0.66, 0.41
RF-501, Square, 1, 3, 0.89, 0.72, 67, 749, 691, 58, 33, 34, 0.08, 0.49, 0.35
RF-501, Square, 1, 4, 0.93, 0.80, 39, 777, 732, 45, 13, 26, 0.06, 0.33, 0.26
RF-501, Square, 1, 5, 0.88, 0.73, 49, 767, 689, 78, 21, 28, 0.10, 0.43, 0.32
RF-501, Square, 1, 6, 0.92, 0.75, 55, 761, 719, 42, 24, 31, 0.06, 0.44, 0.32
RF-501, Square, 1, 7, 0.86, 0.69, 48, 768, 679, 89, 24, 24, 0.12, 0.50, 0.36
RF-501, Square, 1, 8, 0.86, 0.79, 57, 759, 661, 98, 17, 40, 0.13, 0.30, 0.26
RF-501, Square, 1, 9, 0.92, 0.89, 40, 776, 717, 59, 6, 34, 0.08, 0.15, 0.14
RF-501, Square, 1, 10, 0.92, 0.69, 42, 774, 735, 39, 24, 18, 0.05, 0.57, 0.38
RF-501, Square, 1, 11, 0.99, 0.96, 43, 773, 771, 2, 3, 40, 0.00, 0.07, 0.07
RF-501, Square, 1, 12, 0.91, 0.73, 57, 759, 709, 50, 27, 30, 0.07, 0.47, 0.34
RF-501, Square, 1, 13, 0.91, 0.74, 64, 752, 710, 42, 30, 34, 0.06, 0.47, 0.33
RF-501, Square, 1, 14, 0.88, 0.66, 61, 755, 698, 57, 37, 24, 0.08, 0.61, 0.40
RF-501, Square, 1, 15, 0.84, 0.60, 73, 743, 664, 79, 51, 22, 0.11, 0.70, 0.44